sin_20 = [
    4292018217, 
4291952675, 
4291887129, 
4292345873, 
4292608014, 
4293328910, 
4293656596, 
4293722140, 
4293853220, 
4293328939, 
4292935727, 
4292280366, 
4292018221, 
4291559464, 
4291624991, 
4291821590, 
4291952654, 
4292411404, 
4293328907, 
4293525518, 
4293656602, 
4293656607, 
4293394474, 
4292870186, 
4292345900, 
4291952677, 
4291887134, 
4291756053, 
4292149262, 
4292411399, 
4293328908, 
4293656587, 
4293918739, 
4294311964, 
4294115365, 
4293460010, 
4293263403, 
4292608040, 
4292149288, 
4292018208, 
4292149272, 
4292476944, 
4292804622, 
4293459980, 
4293918740, 
4293918746, 
4293918753, 
4293787690, 
4293197871, 
4292739122, 
4291952687, 
4291690535, 
4291821599, 
4291887132, 
4292018190, 
4292673552, 
4293132303, 
4293722129, 
4294049817, 
4293525536, 
4293394474, 
4292673580, 
4292345901, 
4292018215, 
4291887138, 
4292214812, 
4291690519, 
4292018188, 
4292411401, 
4292935688, 
4293394444, 
4293984269, 
4293918743, 
4293787680, 
4293591082, 
4292870185, 
4292411432, 
4291952677, 
4291887135, 
4291952663, 
4292214800, 
4292870155, 
4293459980, 
4293787665, 
4293984278, 
4294180896, 
4293918759, 
4293197871, 
4292870195, 
4292411439, 
4292149288, 
4291821598, 
4291756055, 
4292149265, 
4292935695, 
4293394447, 
4293591058, 
4293591071, 
4293853222, 
4293197868, 
4293066799, 
4292345903, 
4291690543, 
4291493924, 
4291362842, 
4291559445, 
4292280337, 
4292739083, 
4293197832, 
4293459989, 
4293787674, 
4293722144, 
4293460006, 
4292870189, 
4292542507, 
4291887144, 
4291624990, 
4291952658, 
4291952654, 
4292673546, 
4293197835, 
4293722124, 
4294115346, 
4294311965, 
4293853221, 
4293656621, 
4293001261, 
4292345898, 
4291887143, 
4291887132, 
4291887128, 
4292411412, 
4292870157, 
4293263375, 
4293787667, 
4293984281, 
4293918755, 
4293591087, 
4293394483, 
4292608047, 
4292018220, 
4291559463, 
4291231775, 
4291624983, 
4292083729, 
4292804619, 
4293132305, 
4293459986, 
4293722135, 
4293460002, 
4293263402, 
4292673582, 
4292411436, 
4291756071, 
4291559456, 
4291690518, 
4291821586, 
4292608008, 
4293066763, 
4293591052, 
4294049808, 
4293984283, 
4293722146, 
4293591080, 
4292870191, 
4292476971, 
4292214819, 
4292018208, 
4292083733, 
4292476943, 
4292935694, 
4293525515, 
4293853204, 
4293984280, 
4294049822, 
4293525546, 
4293394479, 
4292739125, 
4292149294, 
4291821608, 
4291690529, 
4292018201, 
4292411407, 
4292739090, 
4293066769, 
4293656597, 
4293722140, 
4293918756, 
4293394475, 
4292739120, 
4292018222, 
4291756075, 
4291952674, 
4292083737, 
4291493911, 
4291756049, 
4292476940, 
4292739080, 
4293263372, 
4293722129, 
4293787672, 
4293853220, 
4293460008, 
4292870183, 
4292476971, 
4292149285, 
4291821593, 
4291887124, 
4292280333, 
4293001229, 
4293459981, 
4293984274, 
4294180888, 
4294180894, 
4293853226, 
4293328943, 
4292608049, 
4292214829, 
4291952683, 
4291821602, 
4291952667, 
4292149265, 
4292608013, 
4293328914, 
4293459990, 
4293918750, 
4293787684, 
4293525547, 
4292935727, 
4292280368, 
4292018216, 
4291624996, 
4291559453, 
4291624975, 
4292149259, 
4292542469, 
4293525514, 
4293656594, 
4293984282, 
4293525536, 
4293197865, 
4293263403, 
4292542506, 
4291887139, 
4291821603, 
4292018195, 
4291952654, 
4292608010, 
4293394440, 
4293656591, 
4294115349, 
4294115358, 
4294049830, 
4293525549, 
4292804656, 
4292476973, 
];


sin_2 = [
    4293722136, 
4293656601, 
4293722145, 
4293787676, 
4293918748, 
4293853212, 
4293722143, 
4293787680, 
4293984287, 
4293591075, 
4293591073, 
4293591074, 
4293722146, 
4293525540, 
4293591078, 
4293394466, 
4293525542, 
4293591077, 
4293460009, 
4293263401, 
4293460009, 
4293328933, 
4293263399, 
4293394474, 
4293591081, 
4293328935, 
4293066792, 
4292870184, 
4293132329, 
4292935725, 
4293132328, 
4292935725, 
4292935722, 
4293001260, 
4292673578, 
4292673579, 
4292804651, 
4292608040, 
4292739112, 
4292673578, 
4292673576, 
4292345898, 
4292411435, 
4292542504, 
4292345898, 
4292608042, 
4292411428, 
4292214824, 
4292345894, 
4292280359, 
4292411429, 
4292345893, 
4292149281, 
4292083747, 
4292018210, 
4292083745, 
4292083750, 
4291887138, 
4292018210, 
4292018211, 
4291952670, 
4292083743, 
4291887133, 
4292214814, 
4291952669, 
4292214812, 
4291821598, 
4292214809, 
4291887131, 
4292018200, 
4291887129, 
4291952664, 
4291887129, 
4292083742, 
4292018196, 
4292214805, 
4292214807, 
4292214808, 
4292411411, 
4292149265, 
4291952658, 
4292345876, 
4292476946, 
4292542485, 
4292476945, 
4292280333, 
4292476944, 
4292739091, 
4292411408, 
4292411410, 
4292608013, 
4292673550, 
4292608015, 
4292542478, 
4292739087, 
4292935694, 
4292870159, 
4292804625, 
4292870155, 
4293132304, 
4293001229, 
4293001230, 
4293132301, 
4293001229, 
4293328912, 
4293394448, 
4293197839, 
4293328913, 
4293197839, 
4293591053, 
4293722127, 
4293656592, 
4293328912, 
4293722130, 
4293394448, 
4293525528, 
4293722130, 
4293591057, 
4293787670, 
4293787669, 
4293722132, 
4293787671, 
4293459989, 
4293656597, 
4293656600, 
4293853211, 
4293984284, 
4293984281, 
4293787676, 
4293722142, 
4293984285, 
4293853210, 
4293591069, 
4293918750, 
4293787679, 
4293787678, 
4293787683, 
4293656611, 
4293591070, 
4293787682, 
4293787684, 
4293656615, 
4293394468, 
4293460008, 
4293460007, 
4293591078, 
4293656615, 
4293525542, 
4293197864, 
4293460006, 
4293001254, 
4293263399, 
4293328937, 
4293132328, 
4293066794, 
4293132326, 
4293263402, 
4293132330, 
4293132333, 
4292935720, 
4292870185, 
4292870187, 
4292870182, 
4293066794, 
4292739116, 
4292608042, 
4292739113, 
4292608040, 
4292608040, 
4292476972, 
4292739115, 
4292411437, 
4292608040, 
4292542504, 
4292345892, 
4292083751, 
4292214820, 
4292345896, 
4292018211, 
4291887144, 
4292280357, 
4292214821, 
4292214819, 
4292280355, 
4292083746, 
4292018209, 
4292214817, 
4292083745, 
4292214816, 
4292149276, 
4292083745, 
4292018209, 
4291952672, 
4292018207, 
4292018203, 
4291952670, 
4291887127, 
4292018202, 
4291887130, 
4292214810, 
4292149275, 
4292149272, 
4292214809, 
4291952661, 
4292149267, 
4292280340, 
4292149269, 
4292214805, 
4292411411, 
4292280339, 
4292149268, 
4292608019, 
4292280337, 
4292476944, 
4292411404, 
4292542475, 
4292673550, 
4292542479, 
4292542480, 
4292673550, 
4292608012, 
4292476941, 
4292673551, 
4292673551, 
4292870158, 
4292935697, 
4292870159, 
4292935694, 
4292870159, 
4293066767, 
4293066764, 
4293132301, 
4293132304, 
4293197839, 
4293328911, 
4293197839, 
4293394449, 
4293459985, 
4293525520, 
4293459986, 
4293263379, 
4293525518, 
4293525523, 
4293787668, 
4293787667, 
4293525522, 
4293459988, 
4293656597, 
4293787669, 
4293918744, 
4293591065, 
4293787671, 
4293591066, 
4293656601, 
4293787673, 
4293853211, 
];

